Volume=133.0645161
T_DHT=24.05
T_BMP=24.13
Pressure=1024.434757
DateTime=2016-11-27T17:22:45.0000000+01:00
SessionId=20260518_150204_872
ReceivedRows=100
RejectedRows=0
